15
3
42.500303 6.387972 1.372567
0.02373 0.15457 0.46954
0.0 0.0 0.0
0 0 0
1
0.304064
1.0
0.0 0.0 0.0
0 0 0
1
9.540630
1.0
0.0 0.0 0.0
0 0 0
1
108.609511
1.0
0.0 0.0 0.0
0 0 0
1
3.163209
1.0
0.0 0.0 0.0
0 0 0
1
27.277804
1.0
0.0 0.0 0.0
0 0 0
1
0.669337
1.0
0.0 0.0 0.0
0 0 0
1
0.125741
1.0
0.0 0.0 0.0
0 0 0
1
654.709781
1.0
0.0 0.0 0.0
0 0 0
1
1.243761
1.0
0.0 0.0 0.0
1 0 0
1
1.243761
1.0
0.0 0.0 0.0
0 1 0
1
1.243761
1.0
0.0 0.0 0.0
0 0 1
1
4.755465
1.0
0.0 0.0 0.0
1 0 0
1
4.755465
1.0
0.0 0.0 0.0
0 1 0
1
4.755465
1.0
0.0 0.0 0.0
0 0 1
0.727838 -2.861539
0.093549 -2.861573
5865.802465 -2.861612
197.768381 -2.861656
3.104393 -2.861666
-2.861619
